red    green     time

c1:
 (1) 18.5703        85.2750  untill 1906
(2) 45.759    147.30166    untill   4271
(3) 17.5    129.5

c2:
(1)21.75   184.9167    untill  1181
(2)55.0783   105.5417   untill  3300
(3)20.78   242.66    untill  6807
(4)18.142875  109.28577

c3:
(1)54.67567   47.486  untill    3400
(2)24.833  58.905   untill  4121
(3)21.91 100.5247  untill   6900
(4)73.44  159.671   untill   7300
(5)51.66 112.34

c4:
(1)29.6296   102.222  untill    1100
(2)65    77.16      untill  3200
(3)64.93   33.035   untill  3800
(4)18.6875   211.57   untill    6700
(5)42.3336  136.833

c5:
(1)20.267   138.133   untill    1700
(2)48.615    180.733   untill   4007
(3)18.0769   125.1649  untill   4700
(4)42.75     333.75

c6:
(1)19.25    309.25    untill    1465
(2)57.625   80.9167    untill   3631
(3)66   190.53    untill    4065
(4)21.09    190.63    untill    6400
(5)27.5     98.4